0 0.7451171875 0.9853515625 0.064453125 0.029296875
0 0.845703125 0.8837890625 0.072265625 0.06640625
0 0.6982421875 0.79296875 0.060546875 0.0625
0 0.7333984375 0.7255859375 0.0546875 0.046875
0 0.861328125 0.4423828125 0.03125 0.033203125
0 0.755859375 0.6376953125 0.046875 0.0546875
0 0.9033203125 0.3984375 0.05078125 0.044921875
0 0.7197265625 0.3935546875 0.05859375 0.046875
0 0.75390625 0.298828125 0.05859375 0.0390625
0 0.716796875 0.2431640625 0.052734375 0.048828125
0 0.615234375 0.1826171875 0.02734375 0.0234375
0 0.53125 0.1396484375 0.021484375 0.02734375
0 0.451171875 0.1787109375 0.025390625 0.0234375
0 0.4619140625 0.1005859375 0.015625 0.0234375
0 0.3837890625 0.1123046875 0.01171875 0.01953125
0 0.3515625 0.0810546875 0.013671875 0.015625
0 0.3232421875 0.083984375 0.009765625 0.015625
0 0.2529296875 0.09375 0.01171875 0.01953125
0 0.2978515625 0.0791015625 0.021484375 0.01953125
0 0.41015625 0.1787109375 0.03125 0.025390625
0 0.267578125 0.146484375 0.03125 0.03125
0 0.3623046875 0.1435546875 0.02734375 0.0390625
0 0.33984375 0.1455078125 0.01953125 0.025390625
0 0.568359375 0.08984375 0.046875 0.0390625
0 0.662109375 0.1337890625 0.04296875 0.03125
0 0.59375 0.3271484375 0.0234375 0.0234375
0 0.54296875 0.3818359375 0.044921875 0.044921875
0 0.5048828125 0.4091796875 0.0390625 0.044921875
0 0.53125 0.263671875 0.03515625 0.0234375
0 0.392578125 0.306640625 0.02734375 0.01953125
0 0.3125 0.2841796875 0.03515625 0.0390625
0 0.208984375 0.1943359375 0.0234375 0.015625
0 0.0546875 0.14453125 0.0234375 0.01953125
0 0.125 0.236328125 0.01953125 0.01171875
0 0.1162109375 0.2841796875 0.033203125 0.015625
0 0.0234375 0.2421875 0.03125 0.01171875
0 0.087890625 0.2666015625 0.0390625 0.0234375
0 0.0732421875 0.330078125 0.037109375 0.015625
0 0.076171875 0.37109375 0.033203125 0.01953125
0 0.107421875 0.345703125 0.03125 0.015625
0 0.3134765625 0.3427734375 0.0234375 0.02734375
0 0.298828125 0.3681640625 0.01953125 0.0234375
0 0.2802734375 0.3037109375 0.0234375 0.025390625
0 0.2705078125 0.3046875 0.013671875 0.0234375
0 0.2490234375 0.3193359375 0.0234375 0.02734375
0 0.2626953125 0.3369140625 0.005859375 0.015625
0 0.25 0.3564453125 0.02734375 0.02734375
0 0.2822265625 0.39453125 0.01953125 0.021484375
0 0.2890625 0.4228515625 0.0234375 0.02734375
0 0.3486328125 0.4287109375 0.0234375 0.029296875
0 0.3740234375 0.4423828125 0.02734375 0.029296875
0 0.3583984375 0.46484375 0.02734375 0.029296875
0 0.37109375 0.4951171875 0.01953125 0.0234375
0 0.3916015625 0.4765625 0.025390625 0.03125
0 0.42578125 0.4990234375 0.029296875 0.025390625
0 0.439453125 0.5390625 0.04296875 0.046875
0 0.3544921875 0.6044921875 0.044921875 0.01953125
0 0.2958984375 0.58203125 0.046875 0.0390625
0 0.5458984375 0.60546875 0.0390625 0.037109375
0 0.5771484375 0.6318359375 0.05859375 0.04296875
0 0.6767578125 0.7333984375 0.041015625 0.0546875
0 0.55859375 0.86328125 0.078125 0.046875
0 0.4853515625 0.875 0.0703125 0.0625
0 0.2900390625 0.8955078125 0.078125 0.046875
0 0.3671875 0.9267578125 0.109375 0.09765625
0 0.2294921875 0.984375 0.072265625 0.03125
0 0.1513671875 0.9580078125 0.1484375 0.08203125
0 0.2685546875 0.7705078125 0.23046875 0.1640625
0 0.0693359375 0.7841796875 0.056640625 0.02734375
0 0.2275390625 0.6845703125 0.078125 0.03515625
0 0.3427734375 0.6943359375 0.044921875 0.01953125
0 0.056640625 0.435546875 0.041015625 0.015625
0 0.021484375 0.509765625 0.04296875 0.04296875
0 0.0361328125 0.5908203125 0.0546875 0.0546875
0 0.0068359375 0.61328125 0.013671875 0.025390625
0 0.0126953125 0.6513671875 0.025390625 0.041015625
0 0.0712890625 0.6494140625 0.0390625 0.03515625