0 0.2080078125 0.0146484375 0.11328125 0.029296875
0 0.3603515625 0.0517578125 0.1796875 0.103515625
0 0.498046875 0.10546875 0.068359375 0.0546875
0 0.591796875 0.1220703125 0.046875 0.0390625
0 0.6220703125 0.16796875 0.05078125 0.03515625
0 0.486328125 0.146484375 0.041015625 0.03125
0 0.5625 0.140625 0.0390625 0.03125
0 0.041015625 0.119140625 0.0625 0.03515625
0 0.5625 0.21875 0.072265625 0.02734375
0 0.373046875 0.1513671875 0.06640625 0.041015625
0 0.30859375 0.15625 0.0390625 0.02734375
0 0.21484375 0.1103515625 0.0625 0.03125
0 0.1298828125 0.2158203125 0.0859375 0.0546875
0 0.40234375 0.23828125 0.091796875 0.078125
0 0.3232421875 0.2197265625 0.04296875 0.021484375
0 0.2392578125 0.216796875 0.078125 0.046875
0 0.28515625 0.2626953125 0.04296875 0.02734375
0 0.2109375 0.259765625 0.03125 0.03515625
0 0.2734375 0.3037109375 0.0234375 0.01953125
0 0.3828125 0.2822265625 0.029296875 0.0234375
0 0.4345703125 0.2900390625 0.037109375 0.02734375
0 0.46484375 0.267578125 0.037109375 0.02734375
0 0.5576171875 0.2529296875 0.02734375 0.015625
0 0.591796875 0.3251953125 0.01953125 0.01171875
0 0.6591796875 0.328125 0.01953125 0.013671875
0 0.6083984375 0.2802734375 0.0390625 0.0234375
0 0.505859375 0.2890625 0.03515625 0.021484375
0 0.51171875 0.3330078125 0.025390625 0.013671875
0 0.5537109375 0.3046875 0.03515625 0.01953125
0 0.5166015625 0.3505859375 0.02734375 0.015625
0 0.4443359375 0.330078125 0.015625 0.015625
0 0.4384765625 0.3154296875 0.041015625 0.0234375
0 0.40625 0.3388671875 0.04296875 0.0234375
0 0.4423828125 0.361328125 0.02734375 0.0078125
0 0.3857421875 0.3603515625 0.01953125 0.01171875
0 0.404296875 0.376953125 0.0234375 0.009765625
0 0.5 0.37890625 0.015625 0.0078125
0 0.482421875 0.4033203125 0.02734375 0.015625
0 0.453125 0.3828125 0.015625 0.013671875
0 0.4326171875 0.3828125 0.01953125 0.01171875
0 0.380859375 0.388671875 0.03515625 0.01171875
0 0.3583984375 0.37890625 0.037109375 0.01171875
0 0.3095703125 0.341796875 0.046875 0.03125
0 0.265625 0.3369140625 0.044921875 0.0234375
0 0.244140625 0.3642578125 0.03515625 0.01171875
0 0.1591796875 0.365234375 0.03515625 0.015625
0 0.2783203125 0.3955078125 0.03125 0.01171875
0 0.23046875 0.4404296875 0.015625 0.009765625
0 0.2509765625 0.4091796875 0.0234375 0.015625
0 0.2412109375 0.4287109375 0.02734375 0.01171875
0 0.197265625 0.431640625 0.0234375 0.009765625
0 0.2021484375 0.396484375 0.0625 0.04296875
0 0.1376953125 0.39453125 0.044921875 0.02734375
0 0.076171875 0.37890625 0.03515625 0.021484375
0 0.1025390625 0.3994140625 0.0234375 0.01171875
0 0.1435546875 0.4345703125 0.0390625 0.015625
0 0.2080078125 0.458984375 0.03515625 0.015625
0 0.1494140625 0.466796875 0.037109375 0.013671875
0 0.0341796875 0.548828125 0.025390625 0.013671875
0 0.7802734375 0.60546875 0.01953125 0.01953125
0 0.69921875 0.580078125 0.0234375 0.0234375
0 0.7529296875 0.5048828125 0.021484375 0.013671875
0 0.7431640625 0.5224609375 0.02734375 0.02734375
0 0.7119140625 0.5615234375 0.01171875 0.0078125
0 0.6923828125 0.5029296875 0.009765625 0.01171875
0 0.708984375 0.44140625 0.015625 0.01171875
0 0.646484375 0.423828125 0.021484375 0.041015625
0 0.564453125 0.4541015625 0.01953125 0.0078125
0 0.5517578125 0.4453125 0.01171875 0.0078125
0 0.5087890625 0.4599609375 0.01171875 0.0078125
0 0.572265625 0.4951171875 0.02734375 0.015625
0 0.5732421875 0.5302734375 0.017578125 0.0078125
0 0.5791015625 0.54296875 0.01953125 0.0078125
0 0.541015625 0.5283203125 0.01171875 0.0078125
0 0.4970703125 0.5048828125 0.021484375 0.015625
0 0.4794921875 0.494140625 0.013671875 0.0078125
0 0.453125 0.4931640625 0.01171875 0.005859375
0 0.46875 0.5380859375 0.017578125 0.00390625
0 0.5166015625 0.5625 0.01953125 0.01171875
0 0.482421875 0.5576171875 0.02734375 0.015625
0 0.4365234375 0.5224609375 0.01171875 0.005859375
0 0.4169921875 0.51171875 0.01171875 0.005859375
0 0.439453125 0.4697265625 0.015625 0.0078125
0 0.4287109375 0.4501953125 0.01953125 0.009765625
0 0.4873046875 0.431640625 0.015625 0.0078125
0 0.4638671875 0.431640625 0.015625 0.0078125
0 0.4560546875 0.4140625 0.015625 0.0078125
0 0.484375 0.4208984375 0.015625 0.01171875
0 0.4375 0.4013671875 0.01171875 0.005859375
0 0.4248046875 0.435546875 0.02734375 0.015625
0 0.40625 0.458984375 0.017578125 0.0078125
0 0.4013671875 0.4501953125 0.015625 0.00390625
0 0.392578125 0.427734375 0.01953125 0.009765625
0 0.3486328125 0.4580078125 0.02734375 0.0078125
0 0.3408203125 0.443359375 0.03515625 0.01171875
0 0.353515625 0.4248046875 0.046875 0.015625
0 0.2919921875 0.4306640625 0.021484375 0.00390625
0 0.271484375 0.4404296875 0.017578125 0.0078125
0 0.2431640625 0.4716796875 0.013671875 0.0078125
0 0.259765625 0.482421875 0.02734375 0.01171875
0 0.275390625 0.44921875 0.01171875 0.0078125
0 0.17578125 0.5126953125 0.0234375 0.01171875
0 0.224609375 0.5107421875 0.03125 0.0078125
0 0.283203125 0.4873046875 0.033203125 0.009765625
0 0.306640625 0.4892578125 0.0234375 0.01171875
0 0.3349609375 0.4921875 0.0234375 0.009765625
0 0.296875 0.50390625 0.015625 0.0078125
0 0.2763671875 0.5166015625 0.015625 0.01171875
0 0.2607421875 0.5283203125 0.0078125 0.005859375
0 0.3017578125 0.5146484375 0.009765625 0.00390625
0 0.2763671875 0.5498046875 0.015625 0.0078125
0 0.3095703125 0.5810546875 0.01171875 0.00390625
0 0.2333984375 0.6123046875 0.017578125 0.01171875
0 0.2392578125 0.5830078125 0.013671875 0.0078125
0 0.12890625 0.626953125 0.015625 0.0078125
0 0.1494140625 0.6015625 0.015625 0.00390625
0 0.1904296875 0.587890625 0.01953125 0.01171875
0 0.1572265625 0.5791015625 0.01953125 0.0078125
0 0.142578125 0.578125 0.0078125 0.00390625
0 0.1474609375 0.5654296875 0.033203125 0.009765625
0 0.169921875 0.5703125 0.0078125 0.009765625
0 0.1240234375 0.5751953125 0.013671875 0.0078125
0 0.1259765625 0.5673828125 0.0078125 0.005859375
0 0.0712890625 0.576171875 0.0234375 0.0078125
0 0.125 0.5400390625 0.03515625 0.015625
0 0.1572265625 0.5185546875 0.01171875 0.0078125
0 0.0771484375 0.5263671875 0.01953125 0.0078125
0 0.06640625 0.5380859375 0.0078125 0.0078125
0 0.0673828125 0.6640625 0.01953125 0.01171875
0 0.07421875 0.4326171875 0.021484375 0.01171875