0 0.2529296875 0.0185546875 0.0634765625 0.0361328125
0 0.1533203125 0.1220703125 0.0712890625 0.0654296875
0 0.2998046875 0.2119140625 0.0595703125 0.0634765625
0 0.265625 0.2783203125 0.0537109375 0.0478515625
0 0.1376953125 0.5595703125 0.03125 0.033203125
0 0.2421875 0.365234375 0.0458984375 0.052734375
0 0.095703125 0.6025390625 0.05078125 0.044921875
0 0.2783203125 0.607421875 0.0576171875 0.0458984375
0 0.2451171875 0.701171875 0.0576171875 0.0380859375
0 0.28125 0.755859375 0.0517578125 0.048828125
0 0.3818359375 0.81640625 0.0263671875 0.0234375
0 0.46484375 0.8583984375 0.0205078125 0.0263671875
0 0.5439453125 0.8193359375 0.025390625 0.0244140625
0 0.533203125 0.896484375 0.0146484375 0.0244140625
0 0.6103515625 0.8857421875 0.0126953125 0.01953125
0 0.642578125 0.9169921875 0.013671875 0.015625
0 0.6708984375 0.9140625 0.009765625 0.015625
0 0.740234375 0.904296875 0.01171875 0.0185546875
0 0.6962890625 0.91796875 0.021484375 0.0185546875
0 0.583984375 0.8203125 0.03125 0.0244140625
0 0.7255859375 0.8515625 0.03125 0.0322265625
0 0.6318359375 0.8544921875 0.02734375 0.0380859375
0 0.654296875 0.8525390625 0.01953125 0.025390625
0 0.4287109375 0.908203125 0.046875 0.0390625
0 0.3349609375 0.8642578125 0.0439453125 0.0302734375
0 0.4033203125 0.6728515625 0.0244140625 0.0224609375
0 0.453125 0.619140625 0.0439453125 0.044921875
0 0.4912109375 0.591796875 0.0380859375 0.0439453125
0 0.46484375 0.7353515625 0.0341796875 0.0234375
0 0.6015625 0.693359375 0.0263671875 0.0185546875
0 0.6806640625 0.7158203125 0.03515625 0.037109375
0 0.7841796875 0.8046875 0.0234375 0.015625
0 0.9365234375 0.8544921875 0.0224609375 0.0185546875
0 0.8671875 0.7626953125 0.0205078125 0.0107421875
0 0.875 0.7158203125 0.033203125 0.015625
0 0.966796875 0.7568359375 0.0322265625 0.0126953125
0 0.9033203125 0.7333984375 0.0390625 0.0234375
0 0.91796875 0.669921875 0.0361328125 0.015625
0 0.9150390625 0.6298828125 0.033203125 0.017578125
0 0.8837890625 0.654296875 0.0322265625 0.0166015625
0 0.6806640625 0.6572265625 0.0234375 0.02734375
0 0.6953125 0.6318359375 0.0205078125 0.0224609375
0 0.712890625 0.6962890625 0.0234375 0.0244140625
0 0.72265625 0.6953125 0.0126953125 0.0224609375
0 0.744140625 0.6806640625 0.021484375 0.02734375
0 0.73046875 0.6630859375 0.005859375 0.0146484375
0 0.7431640625 0.6435546875 0.0263671875 0.0263671875
0 0.7109375 0.6064453125 0.01953125 0.021484375
0 0.705078125 0.578125 0.0244140625 0.0263671875
0 0.6455078125 0.5732421875 0.0244140625 0.029296875
0 0.6201171875 0.55859375 0.0263671875 0.0283203125
0 0.63671875 0.537109375 0.0283203125 0.029296875
0 0.623046875 0.5068359375 0.01953125 0.0244140625
0 0.603515625 0.5244140625 0.025390625 0.0322265625
0 0.5693359375 0.5029296875 0.029296875 0.025390625
0 0.5556640625 0.462890625 0.0419921875 0.046875
0 0.6396484375 0.3994140625 0.0439453125 0.01953125
0 0.697265625 0.4208984375 0.046875 0.037109375
0 0.4501953125 0.3974609375 0.0380859375 0.0361328125
0 0.419921875 0.3720703125 0.056640625 0.041015625
0 0.3212890625 0.271484375 0.041015625 0.0537109375
0 0.4375 0.1416015625 0.0771484375 0.0478515625
0 0.509765625 0.130859375 0.068359375 0.0625
0 0.703125 0.111328125 0.0771484375 0.046875
0 0.626953125 0.0791015625 0.1083984375 0.095703125
0 0.763671875 0.0185546875 0.072265625 0.037109375
0 0.8408203125 0.044921875 0.1474609375 0.08984375
0 0.724609375 0.234375 0.2294921875 0.1630859375
0 0.921875 0.220703125 0.0556640625 0.02734375
0 0.7646484375 0.3193359375 0.0771484375 0.03515625
0 0.6513671875 0.3095703125 0.044921875 0.01953125
0 0.9345703125 0.5654296875 0.041015625 0.0146484375
0 0.9736328125 0.4921875 0.052734375 0.04296875
0 0.955078125 0.412109375 0.052734375 0.052734375
0 0.98828125 0.3896484375 0.0224609375 0.0244140625
0 0.9833984375 0.3525390625 0.033203125 0.0400390625
0 0.9189453125 0.353515625 0.037109375 0.03515625