0 0.1953125 0.0146484375 0.046875 0.029296875
0 0.240234375 0.0771484375 0.1005859375 0.087890625
0 0.3779296875 0.1259765625 0.1591796875 0.1240234375
0 0.5009765625 0.1904296875 0.0615234375 0.0498046875
0 0.583984375 0.205078125 0.04296875 0.0341796875
0 0.611328125 0.2451171875 0.0458984375 0.0322265625
0 0.490234375 0.2265625 0.0361328125 0.02734375
0 0.5576171875 0.2216796875 0.03515625 0.0283203125
0 0.033203125 0.142578125 0.06640625 0.07421875
0 0.091796875 0.2021484375 0.0546875 0.0302734375
0 0.0439453125 0.1953125 0.0302734375 0.021484375
0 0.0126953125 0.1826171875 0.025390625 0.048828125
0 0.5576171875 0.291015625 0.064453125 0.0244140625
0 0.388671875 0.2314453125 0.0595703125 0.037109375
0 0.3310546875 0.2353515625 0.03515625 0.0234375
0 0.2470703125 0.1943359375 0.056640625 0.0283203125
0 0.1708984375 0.2880859375 0.078125 0.0478515625
0 0.4150390625 0.30859375 0.08203125 0.0693359375
0 0.34375 0.2919921875 0.0380859375 0.01953125
0 0.2685546875 0.2890625 0.0712890625 0.04296875
0 0.3095703125 0.330078125 0.0390625 0.025390625
0 0.2431640625 0.3271484375 0.02734375 0.0322265625
0 0.298828125 0.3671875 0.0224609375 0.0166015625
0 0.3974609375 0.3486328125 0.025390625 0.021484375
0 0.443359375 0.35546875 0.033203125 0.0244140625
0 0.470703125 0.3349609375 0.033203125 0.0234375
0 0.5537109375 0.3212890625 0.0244140625 0.0146484375
0 0.583984375 0.3857421875 0.0166015625 0.01171875
0 0.64453125 0.388671875 0.0166015625 0.0126953125
0 0.599609375 0.3466796875 0.0361328125 0.021484375
0 0.5078125 0.353515625 0.03125 0.0185546875
0 0.5126953125 0.3935546875 0.0234375 0.0126953125
0 0.55078125 0.3681640625 0.0302734375 0.0185546875
0 0.5166015625 0.4091796875 0.025390625 0.013671875
0 0.4521484375 0.390625 0.013671875 0.013671875
0 0.4462890625 0.376953125 0.0361328125 0.0224609375
0 0.41796875 0.3984375 0.0380859375 0.0205078125
0 0.4501953125 0.4189453125 0.0234375 0.0068359375
0 0.3994140625 0.41796875 0.0185546875 0.009765625
0 0.416015625 0.4326171875 0.021484375 0.0087890625
0 0.501953125 0.4345703125 0.0146484375 0.0068359375
0 0.486328125 0.4560546875 0.0244140625 0.0126953125
0 0.4599609375 0.4384765625 0.0146484375 0.0126953125
0 0.44140625 0.4375 0.017578125 0.009765625
0 0.3955078125 0.4423828125 0.03125 0.0107421875
0 0.375 0.4345703125 0.033203125 0.01171875
0 0.3310546875 0.400390625 0.0419921875 0.0283203125
0 0.29296875 0.396484375 0.0400390625 0.01953125
0 0.2734375 0.4208984375 0.0302734375 0.0107421875
0 0.197265625 0.421875 0.03125 0.0126953125
0 0.3037109375 0.44921875 0.0263671875 0.009765625
0 0.2607421875 0.4892578125 0.0146484375 0.0087890625
0 0.279296875 0.4619140625 0.021484375 0.0146484375
0 0.2705078125 0.478515625 0.0234375 0.009765625
0 0.2314453125 0.4814453125 0.021484375 0.0087890625
0 0.2353515625 0.44921875 0.056640625 0.0380859375
0 0.1787109375 0.4482421875 0.0400390625 0.0234375
0 0.123046875 0.43359375 0.0322265625 0.01953125
0 0.0380859375 0.4423828125 0.0546875 0.029296875
0 0.0478515625 0.4970703125 0.0185546875 0.0078125
0 0.1474609375 0.4521484375 0.0205078125 0.0107421875
0 0.1826171875 0.484375 0.03515625 0.013671875
0 0.2412109375 0.505859375 0.03125 0.013671875
0 0.1884765625 0.5126953125 0.033203125 0.0126953125
0 0.021484375 0.5673828125 0.0205078125 0.0107421875
0 0.0849609375 0.5869140625 0.0224609375 0.01171875
0 0.7529296875 0.63671875 0.0166015625 0.0166015625
0 0.6796875 0.6142578125 0.0224609375 0.021484375
0 0.7275390625 0.5478515625 0.01953125 0.0126953125
0 0.71875 0.5625 0.0234375 0.0234375
0 0.69140625 0.59765625 0.0107421875 0.0078125
0 0.673828125 0.544921875 0.0087890625 0.009765625
0 0.6884765625 0.490234375 0.0146484375 0.009765625
0 0.6328125 0.474609375 0.0185546875 0.0361328125
0 0.5595703125 0.501953125 0.017578125 0.0078125
0 0.5478515625 0.494140625 0.01171875 0.0068359375
0 0.509765625 0.5068359375 0.0107421875 0.0078125
0 0.5673828125 0.5390625 0.0234375 0.013671875
0 0.5673828125 0.5693359375 0.015625 0.005859375
0 0.572265625 0.5810546875 0.0166015625 0.005859375
0 0.5390625 0.568359375 0.009765625 0.0078125
0 0.4990234375 0.546875 0.01953125 0.0126953125
0 0.4833984375 0.5380859375 0.0126953125 0.005859375
0 0.4599609375 0.5361328125 0.01171875 0.005859375
0 0.474609375 0.576171875 0.015625 0.0029296875
0 0.5166015625 0.5986328125 0.0185546875 0.0107421875
0 0.486328125 0.59375 0.0244140625 0.0146484375
0 0.4453125 0.5625 0.0107421875 0.0048828125
0 0.427734375 0.552734375 0.009765625 0.005859375
0 0.447265625 0.515625 0.0126953125 0.0068359375
0 0.4375 0.498046875 0.0166015625 0.0087890625
0 0.490234375 0.4814453125 0.013671875 0.0078125
0 0.4697265625 0.4814453125 0.0146484375 0.0068359375
0 0.4619140625 0.4658203125 0.0146484375 0.0078125
0 0.48828125 0.4716796875 0.0126953125 0.009765625
0 0.4462890625 0.4541015625 0.01171875 0.005859375
0 0.4345703125 0.484375 0.025390625 0.0146484375
0 0.41796875 0.505859375 0.015625 0.0068359375
0 0.4140625 0.498046875 0.013671875 0.00390625
0 0.40625 0.478515625 0.0166015625 0.0087890625
0 0.3662109375 0.505859375 0.0234375 0.0078125
0 0.359375 0.4921875 0.0322265625 0.0107421875
0 0.37109375 0.474609375 0.0419921875 0.013671875
0 0.31640625 0.48046875 0.01953125 0.0048828125
0 0.2978515625 0.4892578125 0.015625 0.0068359375
0 0.2724609375 0.517578125 0.0126953125 0.0078125
0 0.287109375 0.52734375 0.025390625 0.01171875
0 0.3017578125 0.4970703125 0.009765625 0.0078125
0 0.2119140625 0.5537109375 0.0205078125 0.009765625
0 0.255859375 0.5517578125 0.0283203125 0.0068359375
0 0.3076171875 0.53125 0.029296875 0.0087890625
0 0.3291015625 0.533203125 0.0205078125 0.01171875
0 0.3544921875 0.53515625 0.01953125 0.0087890625
0 0.3203125 0.5458984375 0.0146484375 0.0068359375
0 0.3017578125 0.5576171875 0.0126953125 0.009765625
0 0.2880859375 0.568359375 0.0068359375 0.0048828125
0 0.32421875 0.5556640625 0.0087890625 0.0048828125
0 0.3017578125 0.5869140625 0.013671875 0.005859375
0 0.33203125 0.615234375 0.0107421875 0.0029296875
0 0.263671875 0.6435546875 0.015625 0.009765625
0 0.26953125 0.6171875 0.01171875 0.005859375
0 0.169921875 0.65625 0.013671875 0.0068359375
0 0.1884765625 0.6337890625 0.013671875 0.0048828125
0 0.224609375 0.62109375 0.0185546875 0.009765625
0 0.1953125 0.61328125 0.0166015625 0.0078125
0 0.1826171875 0.6123046875 0.0078125 0.0048828125
0 0.1865234375 0.6015625 0.029296875 0.0087890625
0 0.20703125 0.60546875 0.005859375 0.0087890625
0 0.166015625 0.6103515625 0.0126953125 0.0068359375
0 0.1669921875 0.6025390625 0.0068359375 0.005859375
0 0.1181640625 0.6103515625 0.0205078125 0.0078125
0 0.1669921875 0.578125 0.03125 0.013671875
0 0.1953125 0.5595703125 0.01171875 0.0078125
0 0.1240234375 0.56640625 0.0166015625 0.0068359375
0 0.1142578125 0.5771484375 0.005859375 0.0078125
0 0.044921875 0.6611328125 0.0126953125 0.0087890625
0 0.0361328125 0.7197265625 0.01953125 0.0107421875
0 0.115234375 0.689453125 0.0166015625 0.009765625
0 0.0078125 0.640625 0.0146484375 0.009765625
0 0.12109375 0.482421875 0.01953125 0.009765625