0 0.1513671875 0.0712890625 0.076171875 0.0703125
0 0.3076171875 0.16796875 0.0625 0.06640625
0 0.2705078125 0.2392578125 0.056640625 0.05078125
0 0.134765625 0.5380859375 0.033203125 0.03515625
0 0.24609375 0.33203125 0.048828125 0.056640625
0 0.08984375 0.5849609375 0.0546875 0.046875
0 0.2841796875 0.58984375 0.0625 0.05078125
0 0.2490234375 0.689453125 0.060546875 0.041015625
0 0.2880859375 0.748046875 0.056640625 0.05078125
0 0.39453125 0.8115234375 0.02734375 0.025390625
0 0.482421875 0.857421875 0.0234375 0.02734375
0 0.5673828125 0.8154296875 0.02734375 0.025390625
0 0.556640625 0.8984375 0.015625 0.025390625
0 0.638671875 0.8857421875 0.013671875 0.01953125
0 0.6728515625 0.9189453125 0.015625 0.015625
0 0.703125 0.916015625 0.009765625 0.015625
0 0.7763671875 0.90625 0.01171875 0.01953125
0 0.7294921875 0.9208984375 0.0234375 0.01953125
0 0.6103515625 0.81640625 0.033203125 0.02734375
0 0.76171875 0.849609375 0.033203125 0.03515625
0 0.6611328125 0.8525390625 0.02734375 0.0390625
0 0.685546875 0.8505859375 0.01953125 0.02734375
0 0.4443359375 0.91015625 0.05078125 0.04296875
0 0.3447265625 0.86328125 0.046875 0.033203125
0 0.41796875 0.6591796875 0.02734375 0.0234375
0 0.470703125 0.6015625 0.046875 0.046875
0 0.5107421875 0.5732421875 0.0390625 0.046875
0 0.4833984375 0.7255859375 0.03515625 0.025390625
0 0.6298828125 0.6806640625 0.02734375 0.01953125
0 0.7138671875 0.705078125 0.037109375 0.0390625
0 0.8232421875 0.798828125 0.025390625 0.017578125
0 0.986328125 0.8525390625 0.0234375 0.01953125
0 0.912109375 0.7548828125 0.021484375 0.01171875
0 0.9208984375 0.705078125 0.03515625 0.015625
0 0.951171875 0.7236328125 0.04296875 0.0234375
0 0.9658203125 0.65625 0.0390625 0.015625
0 0.962890625 0.61328125 0.03515625 0.01953125
0 0.9306640625 0.6396484375 0.03515625 0.017578125
0 0.712890625 0.642578125 0.0234375 0.029296875
0 0.728515625 0.6162109375 0.021484375 0.0234375
0 0.748046875 0.68359375 0.0234375 0.02734375
0 0.7587890625 0.6826171875 0.013671875 0.0234375
0 0.7802734375 0.66796875 0.0234375 0.029296875
0 0.7666015625 0.6484375 0.005859375 0.015625
0 0.7802734375 0.6279296875 0.02734375 0.02734375
0 0.74609375 0.587890625 0.01953125 0.0234375
0 0.7392578125 0.55859375 0.025390625 0.02734375
0 0.67578125 0.552734375 0.025390625 0.03125
0 0.6484375 0.537109375 0.02734375 0.03125
0 0.666015625 0.5146484375 0.03125 0.03125
0 0.6513671875 0.482421875 0.021484375 0.025390625
0 0.630859375 0.5009765625 0.02734375 0.03515625
0 0.5947265625 0.4775390625 0.03125 0.02734375
0 0.580078125 0.435546875 0.044921875 0.05078125
0 0.669921875 0.3671875 0.046875 0.021484375
0 0.7314453125 0.3896484375 0.05078125 0.041015625
0 0.4677734375 0.3662109375 0.0390625 0.0390625
0 0.435546875 0.337890625 0.060546875 0.04296875
0 0.330078125 0.23046875 0.04296875 0.056640625
0 0.4541015625 0.09375 0.08203125 0.05078125
0 0.53125 0.08203125 0.07421875 0.06640625
0 0.7373046875 0.060546875 0.08203125 0.05078125
0 0.65625 0.0390625 0.115234375 0.078125
0 0.8837890625 0.0185546875 0.15625 0.037109375
0 0.759765625 0.1923828125 0.244140625 0.173828125
0 0.970703125 0.1767578125 0.05859375 0.029296875
0 0.8037109375 0.2822265625 0.08203125 0.037109375
0 0.6826171875 0.271484375 0.046875 0.021484375
0 0.98046875 0.54296875 0.0390625 0.015625
0 0.98828125 0.380859375 0.0234375 0.056640625
0 0.9677734375 0.3193359375 0.0390625 0.0390625